 For 95% confidence intervals, z(0.025) = 1.96

          UNRTUKA    prediction    std. error        95% interval

1917         0.47         0.77
1918         0.65         1.26
1919         3.02         1.43
1920         1.95         3.73
1921        11.02         2.53
1922         9.68        11.42
1923         7.99         9.78
1924         7.12         6.78
1925         7.76         6.55
1926         8.67         7.60
1927         6.71         8.43
1928         7.43         6.24
1929         7.18         7.00
1930        11.10         7.06
1931        14.88        10.87
1932        15.39        14.49
1933        13.93        14.22
1934        11.73        12.30
1935        10.87        10.31
1936         9.25         9.83
1937         7.70         8.48
1938         9.20         7.03
1939         5.68         8.83
1940         2.99         5.35
1941         1.03         2.52
1942         0.44         1.28
1943         0.32         1.09
1944         0.28         1.11
1945         0.41         1.07
1946         2.04         1.20
1947         1.62         2.84
1948         1.64         2.29
1949         1.53         2.10
1950         1.82         2.12
1951         1.57         2.41
1952         2.36         2.14
1953         2.03         2.90
1954         1.77         2.57
1955         1.55         2.20
1956         1.64         2.07
1957         1.89         2.21
1958         2.53         2.46
1959         2.64         3.07
1960         2.14         3.11
1961         2.07         2.51
1962         2.60         2.48
1963         3.10         3.11
1964         2.40         3.56
1965         2.26         2.73
1966         2.47         2.58
1967         3.37         2.94
1968         3.49         3.83
1969         3.50         3.84
1970         3.75         3.72
1971         4.14         4.00
1972         4.34         4.39
1973         3.65         4.52
1974         3.65         3.77
1975         4.50         3.80
1976         5.40         4.77
1977         5.59         5.60
1978         5.51         5.60
1979         5.38         5.42
1980         6.81         5.32
1981         9.65         6.80
1982        10.72         9.60
1983        11.47        10.30
1984        11.77        10.63
1985        11.36        10.87
1986        11.32        10.41
1987        10.43        10.36
1988         8.57         9.54
1989         7.22         7.71
1990         7.10         6.58
1991         8.82         6.79
1992         9.95         8.65
1993        10.37         9.63
1994         9.50         9.72
1995         8.62         8.74
1996         8.10         7.91
1997         6.97         7.58
1998         6.26         6.56
1999         5.98         5.94
2000         5.46         5.84
2001         5.10         5.39
2002         5.19         5.06
2003         5.01         5.23
2004         4.75         5.08
2005         4.83         4.79
2006         5.42         4.92
2007         5.33         5.55
2008         5.69         5.40
2009         7.61         5.68
2010         7.87         7.64
2011         8.11         7.74
2012         7.97         7.69
2013         7.61         7.58
2014         6.18         7.23
2015         5.38         5.82
2016         4.90         5.14
2017                      4.91        1.297         2.36 -     7.45
2018                      5.00        1.842         1.39 -     8.61
2019                      5.11        2.222         0.75 -     9.46
2020                      5.19        2.430         0.43 -     9.96
2021                      5.26        2.551         0.26 -    10.26
