 For 95% confidence intervals, z(0.025) = 1.96

          UNRTUKA    prediction    std. error        95% interval

1912         3.97         4.50
1913         3.63         4.11
1914         3.16         3.87
1915         0.95         3.45
1916         0.33         1.27
1917         0.47         0.82
1918         0.65         1.30
1919         3.02         1.47
1920         1.95         3.77
1921        11.02         2.57
1922         9.68        11.45
1923         7.99         9.83
1924         7.12         6.84
1925         7.76         6.60
1926         8.67         7.64
1927         6.71         8.47
1928         7.43         6.30
1929         7.18         7.05
1930        11.10         7.11
1931        14.88        10.91
1932        15.39        14.53
1933        13.93        14.27
1934        11.73        12.36
1935        10.87        10.37
1936         9.25         9.89
1937         7.70         8.54
1938         9.20         7.09
1939         5.68         8.88
1940         2.99         5.41
1941         1.03         2.58
1942         0.44         1.33
1943         0.32         1.14
1944         0.28         1.16
1945         0.41         1.12
1946         2.04         1.25
1947         1.62         2.89
1948         1.64         2.35
1949         1.53         2.15
1950         1.82         2.17
1951         1.57         2.47
1952         2.36         2.19
1953         2.03         2.96
1954         1.77         2.63
1955         1.55         2.26
1956         1.64         2.12
1957         1.89         2.26
1958         2.53         2.52
1959         2.64         3.13
1960         2.14         3.16
1961         2.07         2.57
1962         2.60         2.54
1963         3.10         3.16
1964         2.40         3.62
1965         2.26         2.79
1966         2.47         2.64
1967         3.37         3.00
1968         3.49         3.88
1969         3.50         3.90
1970         3.75         3.78
1971         4.14         4.06
1972         4.34         4.45
1973         3.65         4.59
1974         3.65         3.83
1975         4.50         3.86
1976         5.40         4.83
1977         5.59         5.66
1978         5.51         5.67
1979         5.38         5.48
1980         6.81         5.38
1981         9.65         6.86
1982        10.72         9.66
1983        11.47        10.36
1984        11.77        10.70
1985        11.36        10.94
1986        11.32        10.47
1987        10.43        10.43
1988         8.57         9.61
1989         7.22         7.78
1990         7.10         6.65
1991         8.82         6.85
1992         9.95         8.71
1993        10.37         9.70
1994         9.50         9.80
1995         8.62         8.81
1996         8.10         7.98
1997         6.97         7.65
1998         6.26         6.63
1999         5.98         6.01
2000         5.46         5.91
2001         5.10         5.46
2002         5.19         5.13
2003         5.01         5.30
2004         4.75         5.15
2005         4.83         4.87
2006         5.42         4.99
2007         5.33         5.62
2008         5.69         5.47
2009         7.61         5.75
2010         7.87         7.71
2011         8.11         7.82
2012         7.97         7.76        1.307         5.20 -    10.33
2013         7.61         7.45        1.854         3.82 -    11.08
2014         6.18         7.15        2.235         2.77 -    11.54
2015         5.38         6.92        2.444         2.13 -    11.71
2016         4.90         6.74        2.567         1.71 -    11.77

  Forecast evaluation statistics using 5 observations

  Mean Error                       -0.79793
  Root Mean Squared Error           1.1641
  Mean Absolute Error               0.94416
  Mean Percentage Error            -15.454
  Mean Absolute Percentage Error    17.327
  Theil's U2                        1.7763
  Bias proportion, UM               0.46984
  Regression proportion, UR         0.49385
  Disturbance proportion, UD        0.036309
