Residual autocorrelation function
***, **, * indicate significance at the 1%, 5%, 10% levels
using standard error 1/T^0.5

  LAG      ACF          PACF         Q-stat. [p-value]

    1  -0.0109       -0.0109    
    2   0.0690        0.0689    
    3  -0.0582       -0.0571    
    4  -0.0808       -0.0872          3.7906  [0.052]
    5   0.0752        0.0829          5.2491  [0.072]
    6  -0.1246  **   -0.1174 *        9.2749  [0.026]
    7   0.0462        0.0255          9.8308  [0.043]
    8   0.0441        0.0667         10.3398  [0.066]
    9   0.0642        0.0575         11.4204  [0.076]
   10   0.1648  ***   0.1424 **      18.5736  [0.010]
   11  -0.0994       -0.0811         21.1882  [0.007]
   12   0.0144       -0.0109         21.2435  [0.012]
   13  -0.0462       -0.0054         21.8130  [0.016]
   14  -0.0377       -0.0298         22.1933  [0.023]
   15   0.0135       -0.0059         22.2422  [0.035]
   16  -0.0459       -0.0044         22.8109  [0.044]
   17   0.0409       -0.0040         23.2645  [0.056]
   18  -0.0320       -0.0431         23.5437  [0.073]
   19  -0.1080  *    -0.1343 **      26.7357  [0.045]
   20   0.0030       -0.0111         26.7383  [0.062]
   21  -0.0599       -0.0117         27.7283  [0.066]
   22  -0.0448       -0.0809         28.2856  [0.078]
   23  -0.0357       -0.0248         28.6413  [0.095]
   24   0.0661        0.0917         29.8631  [0.095]
