 For 95% confidence intervals, z(0.025) = 1.96

          UNRTUKA    prediction    std. error        95% interval

1912         3.97         4.72
1913         3.63         4.10
1914         3.16         3.87
1915         0.95         3.44
1916         0.33         1.27
1917         0.47         0.97
1918         0.65         1.20
1919         3.02         1.37
1920         1.95         3.74
1921        11.02         2.32
1922         9.68        11.66
1923         7.99         8.92
1924         7.12         7.42
1925         7.76         6.80
1926         8.67         7.58
1927         6.71         8.40
1928         7.43         6.28
1929         7.18         7.31
1930        11.10         6.96
1931        14.88        10.98
1932        15.39        14.22
1933        13.93        14.17
1934        11.73        12.61
1935        10.87        10.61
1936         9.25        10.07
1937         7.70         8.56
1938         9.20         7.25
1939         5.68         8.99
1940         2.99         5.20
1941         1.03         3.00
1942         0.44         1.42
1943         0.32         1.12
1944         0.28         1.09
1945         0.41         1.06
1946         2.04         1.20
1947         1.62         2.82
1948         1.64         2.15
1949         1.53         2.23
1950         1.82         2.12
1951         1.57         2.42
1952         2.36         2.13
1953         2.03         2.96
1954         1.77         2.50
1955         1.55         2.29
1956         1.64         2.10
1957         1.89         2.23
1958         2.53         2.46
1959         2.64         3.07
1960         2.14         3.08
1961         2.07         2.56
1962         2.60         2.56
1963         3.10         3.11
1964         2.40         3.53
1965         2.26         2.75
1966         2.47         2.71
1967         3.37         2.94
1968         3.49         3.82
1969         3.50         3.81
1970         3.75         3.80
1971         4.14         4.05
1972         4.34         4.41
1973         3.65         4.55
1974         3.65         3.82
1975         4.50         3.93
1976         5.40         4.79
1977         5.59         5.57
1978         5.51         5.63
1979         5.38         5.52
1980         6.81         5.40
1981         9.65         6.87
1982        10.72         9.53
1983        11.47        10.19
1984        11.77        10.79
1985        11.36        10.98
1986        11.32        10.53
1987        10.43        10.55
1988         8.57         9.66
1989         7.22         7.91
1990         7.10         6.83
1991         8.82         6.92
1992         9.95         8.68
1993        10.37         9.56
1994         9.50         9.82
1995         8.62         8.88
1996         8.10         8.12
1997         6.97         7.73
1998         6.26         6.66
1999         5.98         6.12
2000         5.46         5.94
2001         5.10         5.46
2002         5.19         5.17
2003         5.01         5.32
2004         4.75         5.12
2005         4.83         4.88
2006         5.42         5.01
2007         5.33         5.59
2008         5.69         5.41
2009         7.61         5.79
2010         7.87         7.68
2011         8.11         7.66
2012         7.97         7.86        1.314         5.28 -    10.43
2013         7.61         7.57        1.867         3.91 -    11.23
2014         6.18         7.31        2.188         3.03 -    11.60
2015         5.38         7.10        2.387         2.43 -    11.78
2016         4.90         6.93        2.513         2.00 -    11.85

  Forecast evaluation statistics using 5 observations

  Mean Error                       -0.94655
  Root Mean Squared Error           1.2947
  Mean Absolute Error               1.0075
  Mean Percentage Error            -17.966
  Mean Absolute Percentage Error    18.741
  Theil's U2                        1.9746
  Bias proportion, UM               0.53451
  Regression proportion, UR         0.43308
  Disturbance proportion, UD        0.032409
