Residual autocorrelation function
***, **, * indicate significance at the 1%, 5%, 10% levels
using standard error 1/T^0.5

  LAG      ACF          PACF         Q-stat. [p-value]

    1  -0.0036       -0.0036    
    2  -0.0124       -0.0125    
    3  -0.0144       -0.0145    
    4  -0.0447       -0.0449    
    5   0.0907        0.0902          2.7337  [0.098]
    6  -0.1076  *    -0.1097 *        5.7361  [0.057]
    7   0.0438        0.0468          6.2361  [0.101]
    8   0.0444        0.0418          6.7524  [0.150]
    9   0.0698        0.0773          8.0297  [0.155]
   10   0.1618  **    0.1498 **      14.9278  [0.021]
   11  -0.0990       -0.0767         17.5233  [0.014]
   12   0.0080        0.0015         17.5404  [0.025]
   13  -0.0290       -0.0219         17.7648  [0.038]
   14  -0.0335       -0.0304         18.0663  [0.054]
   15   0.0101       -0.0122         18.0940  [0.079]
   16  -0.0457       -0.0108         18.6591  [0.097]
   17   0.0484        0.0087         19.2946  [0.114]
   18  -0.0315       -0.0438         19.5649  [0.144]
   19  -0.1133  *    -0.1357 **      23.0759  [0.083]
   20   0.0113       -0.0057         23.1107  [0.111]
   21  -0.0448       -0.0151         23.6637  [0.129]
   22  -0.0579       -0.0808         24.5946  [0.136]
   23  -0.0365       -0.0195         24.9661  [0.162]
   24   0.0626        0.0830         26.0620  [0.164]
