? armax(3, 3, d_UNRTUKA, null, 1, 1, 0, 1, 0)
===============================================
 Information Criteria of ARMAX(p,q) for d_UNRTUKA
-----------------------------------------------
 p, q          AIC           BIC           HQC
-----------------------------------------------
 0, 0     875.4049      882.4558      878.2424 
 0, 1     875.7164      886.2928      879.9726 
 0, 2     877.6295      891.7313      883.3044 
 0, 3     873.2970      890.9243      880.3907 
 1, 0     875.7105      886.2869      879.9667 
 1, 1     877.7018      891.8036      883.3767 
 1, 2     863.4096      881.0369      870.5033 
 1, 3     861.8920*     883.0447      870.4044 
 2, 0     877.6721      891.7739      883.3470 
 2, 1     862.4439      880.0712*     869.5376*
 2, 2     863.8881      885.0408      872.4005 
 2, 3     863.8121      888.4903      873.7432 
 3, 0     874.4304      892.0576      881.5240 
 3, 1     863.2503      884.4030      871.7627 
 3, 2     864.9314      889.6096      874.8625 
 3, 3     862.7112      890.9148      874.0610 
===============================================
* indicates best models.
'9999.9999' suggests failures to estimate the models.
